Promoter 0 0.21416666666666667 0.2632075471698113 0.04833333333333333 0.04716981132075472
Promoter 0 0.4708333333333333 0.2632075471698113 0.04833333333333333 0.04716981132075472
Promoter 0 0.03166666666666667 0.6660377358490566 0.04666666666666667 0.04905660377358491
Promoter 0 0.3075 0.6669811320754717 0.045 0.04716981132075472
Promoter 0 0.555 0.6688679245283019 0.04666666666666667 0.04716981132075472
Promoter 0 0.30916666666666665 0.8235849056603773 0.051666666666666666 0.04716981132075472
RBS 4 0.2825 0.2660377358490566 0.08833333333333333 0.04150943396226415
RBS 4 0.5391666666666667 0.2632075471698113 0.08833333333333333 0.04716981132075472
RBS 4 0.0975 0.6669811320754717 0.08833333333333333 0.04339622641509434
RBS 4 0.37583333333333335 0.6707547169811321 0.08833333333333333 0.04339622641509434
RBS 4 0.62 0.6707547169811321 0.09 0.03962264150943396
RBS 4 0.37666666666666665 0.8264150943396227 0.08666666666666667 0.04150943396226415
CDS 1 0.38666666666666666 0.25943396226415094 0.10666666666666667 0.0509433962264151
CDS 1 0.6375 0.2622641509433962 0.105 0.05660377358490566
CDS 1 0.19333333333333333 0.6669811320754717 0.10333333333333333 0.0509433962264151
CDS 1 0.47 0.6650943396226415 0.1 0.05471698113207547
CDS 1 0.7158333333333333 0.6688679245283019 0.105 0.0509433962264151
CDS 1 0.475 0.8226415094339623 0.10666666666666667 0.052830188679245285
lead 7 0.3883333333333333 0.22547169811320755 0.02666666666666667 0.016981132075471698
lead 7 0.475 0.6311320754716981 0.02 0.013207547169811321
lead 7 0.6608333333333334 0.21415094339622642 0.06833333333333333 0.035849056603773584
lead 7 0.19333333333333333 0.630188679245283 0.016666666666666666 0.018867924528301886
lead 7 0.5533333333333333 0.8216981132075472 0.06 0.016981132075471698
lead 7 0.74 0.6245283018867924 0.06666666666666667 0.033962264150943396
inhibit 8 0.4725 0.16981132075471697 0.035 0.03018867924528302
inhibit 8 0.4741666666666667 0.20943396226415095 0.058333333333333334 0.045283018867924525
inhibit 8 0.26916666666666667 0.5764150943396227 0.021666666666666667 0.02830188679245283
inhibit 8 0.2866666666666667 0.6132075471698113 0.07 0.04150943396226415
inhibit 8 0.2675 0.7886792452830189 0.028333333333333332 0.09811320754716982
inhibit 8 0.5558333333333333 0.5773584905660377 0.028333333333333332 0.03018867924528302
inhibit 8 0.5608333333333333 0.6160377358490566 0.06166666666666667 0.0509433962264151
