Promoter 0 0.0934761441090555 0.30628803245436104 0.029211295034079845 0.0486815415821501
Promoter 0 0.2098344693281402 0.30628803245436104 0.028237585199610515 0.0486815415821501
Promoter 0 0.3276533592989289 0.3067951318458418 0.02629016553067186 0.04969574036511156
Promoter 0 0.11489776046738072 0.4011156186612576 0.029211295034079845 0.04766734279918864
Promoter 0 0.2302823758519961 0.3975659229208925 0.03213242453748783 0.04462474645030426
CDS 1 0.12950340798442064 0.3291075050709939 0.07789678675754626 0.059837728194726165
CDS 1 0.24634858812074 0.3275862068965517 0.07789678675754626 0.060851926977687626
CDS 1 0.36368062317429406 0.3275862068965517 0.07887049659201557 0.058823529411764705
CDS 1 0.15092502434274585 0.41632860040567954 0.07010710808179163 0.059837728194726165
CDS 1 0.2667964946445959 0.417342799188641 0.07789678675754626 0.057809330628803245
CDS 1 0.34615384615384615 0.4178498985801217 0.0691333982473223 0.058823529411764705
Terminator 2 0.17526777020447906 0.3174442190669371 0.0311587147030185 0.030425963488843813
Terminator 2 0.2911392405063291 0.3159229208924949 0.027263875365141188 0.02738336713995943
Terminator 2 0.4118792599805258 0.31795131845841784 0.027263875365141188 0.02738336713995943
Terminator 2 0.19571567672833495 0.4077079107505071 0.027263875365141188 0.030425963488843813
Terminator 2 0.3860759493670886 0.4051724137931034 0.03018500486854917 0.029411764705882353
