Promoter 0 0.1797583081570997 0.21631878557874762 0.09768378650553877 0.07969639468690702
Terminator 2 0.4118831822759315 0.2167931688804554 0.09063444108761329 0.07874762808349146
Terminator 2 0.676737160120846 0.21774193548387097 0.10070493454179255 0.0825426944971537
Terminator 2 0.351460221550856 0.452561669829222 0.0986908358509567 0.07400379506641366
Terminator 2 0.5669687814702921 0.4530360531309298 0.09667673716012085 0.08064516129032258
Terminator 2 0.74269889224572 0.4497153700189753 0.09969788519637462 0.07590132827324478
CDS 1 0.2512588116817724 0.2476280834914611 0.1299093655589124 0.0683111954459203
CDS 1 0.5367573011077543 0.2452561669829222 0.1732124874118832 0.055977229601518026
CDS 1 0.7462235649546828 0.2476280834914611 0.11883182275931521 0.06451612903225806
CDS 1 0.42346424974823765 0.4819734345351044 0.11983887210473314 0.06451612903225806
CDS 1 0.6379657603222558 0.4833965844402277 0.0755287009063444 0.05977229601518026
CDS 1 0.8172205438066465 0.4833965844402277 0.11983887210473314 0.05977229601518026
