CDS 1 0.07512195121951219 0.2524096385542169 0.0721951219512195 0.03975903614457831
CDS 1 0.1897560975609756 0.2253012048192771 0.04975609756097561 0.04096385542168675
CDS 1 0.3224390243902439 0.22409638554216868 0.09268292682926829 0.04819277108433735
CDS 1 0.4273170731707317 0.22349397590361444 0.05658536585365854 0.03975903614457831
CDS 1 0.27658536585365856 0.37349397590361444 0.04390243902439024 0.03855421686746988
RBS 4 0.2326829268292683 0.3746987951807229 0.05170731707317073 0.043373493975903614
degradation tag 6 0.31853658536585366 0.3746987951807229 0.055609756097560976 0.043373493975903614
CDS 1 0.46 0.372289156626506 0.0575609756097561 0.04096385542168675
Promoter 0 0.1526829268292683 0.20301204819277108 0.05170731707317073 0.05421686746987952
Promoter 0 0.25609756097560976 0.20240963855421687 0.04780487804878049 0.05301204819277108
Promoter 0 0.3921951219512195 0.20421686746987952 0.04878048780487805 0.05421686746987952
Promoter 0 0.19219512195121952 0.3506024096385542 0.050731707317073174 0.05542168674698795
Promoter 0 0.4224390243902439 0.3506024096385542 0.04878048780487805 0.05542168674698795
