Promoter 0 0.08135593220338982 0.34980988593155893 0.021468926553672316 0.03802281368821293
RBS 4 0.09265536723163842 0.3588403041825095 0.0192090395480226 0.029467680608365018
CDS 1 0.12259887005649718 0.36359315589353614 0.03954802259887006 0.0408745247148289
Protein Stability Element 5 0.15112994350282485 0.3431558935361217 0.01751412429378531 0.055133079847908745
Promoter 0 0.08333333333333333 0.4790874524714829 0.029943502824858758 0.03802281368821293
RBS 4 0.09152542372881356 0.48859315589353614 0.020338983050847456 0.030418250950570342
CDS 1 0.12937853107344632 0.4909695817490494 0.04858757062146893 0.04467680608365019
Protein Stability Element 5 0.1556497175141243 0.47338403041825095 0.01638418079096045 0.04752851711026616
CDS 1 0.052824858757062144 0.7889733840304183 0.03559322033898305 0.03231939163498099
CDS 1 0.11610169491525424 0.7880228136882129 0.03785310734463277 0.03802281368821293
CDS 1 0.1612994350282486 0.7875475285171103 0.04011299435028248 0.0370722433460076
CDS 1 0.052824858757062144 0.9358365019011406 0.03446327683615819 0.03326996197718631
CDS 1 0.11949152542372882 0.9372623574144486 0.05141242937853107 0.03612167300380228
CDS 1 0.16892655367231638 0.9372623574144486 0.04858757062146893 0.03612167300380228
Promoter 0 0.0847457627118644 0.7709125475285171 0.02711864406779661 0.043726235741444866
Promoter 0 0.08644067796610169 0.9215779467680608 0.02824858757062147 0.0370722433460076
Replication Origin 3 0.02005649717514124 0.7861216730038023 0.031073446327683617 0.053231939163498096
Replication Origin 3 0.019491525423728815 0.9372623574144486 0.029943502824858758 0.04752851711026616
Replication Origin 3 0.17259887005649718 0.3626425855513308 0.031073446327683617 0.05038022813688213
Replication Origin 3 0.1751412429378531 0.4909695817490494 0.030508474576271188 0.05038022813688213
Replication Origin 3 0.5115819209039548 0.7861216730038023 0.029943502824858758 0.045627376425855515
Replication Origin 3 0.511864406779661 0.9377376425855514 0.02711864406779661 0.05228136882129278
CDS 1 0.5432203389830509 0.7865969581749049 0.03333333333333333 0.025665399239543727
CDS 1 0.6064971751412429 0.7889733840304183 0.03898305084745763 0.03612167300380228
CDS 1 0.5435028248587571 0.9377376425855514 0.0384180790960452 0.0370722433460076
CDS 1 0.5977401129943503 0.9372623574144486 0.04971751412429379 0.04182509505703422
CDS 1 0.6432203389830509 0.93393536121673 0.03785310734463277 0.029467680608365018
CDS 1 0.6861581920903955 0.9377376425855514 0.05254237288135593 0.0370722433460076
Protein Stability Element 5 0.6293785310734463 0.7751901140684411 0.010169491525423728 0.04847908745247148
Protein Stability Element 5 0.7152542372881356 0.9244296577946768 0.01694915254237288 0.04277566539923954
