RBS 4 0.17115600448933782 0.19551569506726457 0.02244668911335578 0.023318385650224215
RBS 4 0.6759259259259259 0.1959641255605381 0.023007856341189674 0.01883408071748879
Replication Origin 3 0.07631874298540965 0.20089686098654708 0.03479236812570146 0.06098654708520179
Replication Origin 3 0.2786195286195286 0.20089686098654708 0.03647586980920314 0.06098654708520179
Replication Origin 3 0.5830527497194163 0.19865470852017938 0.038159371492704826 0.06188340807174888
Replication Origin 3 0.7836700336700336 0.2040358744394619 0.03872053872053872 0.06188340807174888
CDS 1 0.11728395061728394 0.2022421524663677 0.04489337822671156 0.04753363228699552
CDS 1 0.20650953984287318 0.2031390134529148 0.05387205387205387 0.04394618834080718
CDS 1 0.3221099887766554 0.20179372197309417 0.04826038159371493 0.04125560538116592
CDS 1 0.40235690235690236 0.2031390134529148 0.06958473625140292 0.04932735426008968
CDS 1 0.6251402918069585 0.20269058295964126 0.04601571268237935 0.039461883408071746
CDS 1 0.7129629629629629 0.20269058295964126 0.04882154882154882 0.04484304932735426
CDS 1 0.8263187429854096 0.2022421524663677 0.04657687991021325 0.04035874439461883
CDS 1 0.9088103254769921 0.2062780269058296 0.06677890011223345 0.04304932735426009
Protein Stability Element 5 0.23961840628507294 0.18026905829596412 0.014590347923681257 0.04663677130044843
Protein Stability Element 5 0.4424803591470258 0.184304932735426 0.01739618406285073 0.051121076233183856
Protein Stability Element 5 0.7466329966329966 0.18295964125560538 0.018518518518518517 0.05022421524663677
Protein Stability Element 5 0.9475308641975309 0.18565022421524663 0.011784511784511785 0.05022421524663677
Promoter 0 0.1627384960718294 0.184304932735426 0.03367003367003367 0.03856502242152467
Promoter 0 0.367003367003367 0.18834080717488788 0.03367003367003367 0.04304932735426009
Promoter 0 0.6677890011223344 0.1860986547085202 0.03591470258136925 0.045739910313901344
Promoter 0 0.8714927048260381 0.184304932735426 0.03479236812570146 0.03497757847533632
