Replication Origin 3 0.03236744759556104 0.2601380500431406 0.04130702836004932 0.059534081104400345
Replication Origin 3 0.032059186189889025 0.457290767903365 0.04192355117139334 0.056945642795513375
Replication Origin 3 0.029901356350184958 0.7182916307161346 0.040073982737361284 0.057808455565142365
Replication Origin 3 0.029901356350184958 0.911993097497843 0.04254007398273736 0.058671268334771355
CDS 1 0.07706535141800247 0.2618636755823986 0.04562268803945746 0.03537532355478861
CDS 1 0.15166461159062886 0.2653149266609146 0.06535141800246609 0.04918032786885246
CDS 1 0.22903822441430333 0.2635893011216566 0.07706535141800247 0.0457290767903365
CDS 1 0.3027127003699137 0.2635893011216566 0.06165228113440197 0.04055220017256255
CDS 1 0.07675709001233046 0.457290767903365 0.04870530209617756 0.03451251078515962
CDS 1 0.15228113440197288 0.4585849870578085 0.04315659679408138 0.03537532355478861
CDS 1 0.0749075215782984 0.7204486626402071 0.04623921085080148 0.03968938740293356
CDS 1 0.15258939580764488 0.7200172562553926 0.0659679408138101 0.03710094909404659
CDS 1 0.22626387176325524 0.7174288179465056 0.0752157829839704 0.03710094909404659
CDS 1 0.30117139334155363 0.7182916307161346 0.06350184956843404 0.04055220017256255
CDS 1 0.07552404438964241 0.9141501294219154 0.04870530209617756 0.03364969801553063
CDS 1 0.1464241676942047 0.9141501294219154 0.05733662145499383 0.03537532355478861
Replication Origin 3 0.3347718865598027 0.7023295944779983 0.014796547472256474 0.05004314063848145
Replication Origin 3 0.18094944512946978 0.8943054357204486 0.014180024660912454 0.04918032786885246
Replication Origin 3 0.18279901356350184 0.43960310612597064 0.015413070283600493 0.04745470232959448
Replication Origin 3 0.33631319358816275 0.24676445211389128 0.016646115906288533 0.05004314063848145
Promoter 0 0.12607891491985204 0.24288179465056084 0.036374845869297165 0.04918032786885246
Replication Origin 3 0.12361282367447596 0.43960310612597064 0.04254007398273736 0.05263157894736842
Replication Origin 3 0.1217632552404439 0.6997411561691113 0.03884093711467324 0.05004314063848145
Replication Origin 3 0.12083847102342787 0.8938740293356342 0.03822441430332922 0.05349439171699741
