CDS 1 0.2863013698630137 0.053927315357561546 0.043835616438356165 0.01875732708089097
CDS 1 0.28356164383561644 0.10785463071512309 0.0410958904109589 0.01875732708089097
CDS 1 0.4917808219178082 0.05275498241500586 0.043835616438356165 0.01875732708089097
CDS 1 0.4910958904109589 0.10844079718640094 0.04246575342465753 0.01992966002344666
CDS 1 0.6972602739726027 0.053927315357561546 0.0410958904109589 0.01875732708089097
CDS 1 0.6965753424657535 0.10844079718640094 0.04246575342465753 0.01992966002344666
CDS 1 0.31232876712328766 0.5539273153575616 0.0410958904109589 0.022274325908558032
CDS 1 0.4541095890410959 0.5533411488862837 0.04246575342465753 0.01875732708089097
CDS 1 0.5952054794520548 0.5527549824150059 0.04246575342465753 0.022274325908558032
CDS 1 0.27534246575342464 0.6131301289566237 0.0410958904109589 0.021101992966002344
CDS 1 0.541095890410959 0.6148886283704572 0.0410958904109589 0.01992966002344666
CDS 1 0.6815068493150684 0.6137162954279015 0.04246575342465753 0.01992966002344666
Promoter 0 0.15273972602739727 0.04630715123094959 0.031506849315068496 0.010550996483001172
Promoter 0 0.19315068493150686 0.04689331770222743 0.03287671232876712 0.011723329425556858
Promoter 0 0.15273972602739727 0.10023446658851114 0.03424657534246575 0.012895662368112544
Promoter 0 0.1917808219178082 0.10082063305978899 0.03287671232876712 0.01406799531066823
Promoter 0 0.39863013698630134 0.04689331770222743 0.03287671232876712 0.01406799531066823
Promoter 0 0.39794520547945206 0.10082063305978899 0.03424657534246575 0.01406799531066823
Promoter 0 0.6047945205479452 0.04572098475967175 0.036986301369863014 0.011723329425556858
Promoter 0 0.6034246575342466 0.10023446658851114 0.03424657534246575 0.012895662368112544
Promoter 0 0.2465753424657534 0.5463071512309496 0.03287671232876712 0.01406799531066823
Promoter 0 0.20821917808219179 0.6066822977725674 0.03561643835616438 0.012895662368112544
Promoter 0 0.3863013698630137 0.5463071512309496 0.03287671232876712 0.011723329425556858
Promoter 0 0.5287671232876713 0.5457209847596718 0.03287671232876712 0.012895662368112544
Promoter 0 0.47465753424657536 0.6060961313012896 0.03424657534246575 0.011723329425556858
Promoter 0 0.6150684931506849 0.6066822977725674 0.03287671232876712 0.010550996483001172
RBS 4 0.2452054794520548 0.05041031652989449 0.0136986301369863 0.007033997655334115
RBS 4 0.24383561643835616 0.10433763188745604 0.010958904109589041 0.009378663540445486
RBS 4 0.45 0.05041031652989449 0.015068493150684932 0.009378663540445486
RBS 4 0.4506849315068493 0.10492379835873387 0.0136986301369863 0.008206330597889801
RBS 4 0.6568493150684932 0.05041031652989449 0.015068493150684932 0.009378663540445486
RBS 4 0.6561643835616439 0.10492379835873387 0.010958904109589041 0.010550996483001172
RBS 4 0.2719178082191781 0.5504103165298945 0.012328767123287671 0.010550996483001172
RBS 4 0.4136986301369863 0.5498241500586166 0.0136986301369863 0.007033997655334115
RBS 4 0.5547945205479452 0.5515826494724502 0.010958904109589041 0.008206330597889801
RBS 4 0.236986301369863 0.6107854630715123 0.01643835616438356 0.007033997655334115
RBS 4 0.5013698630136987 0.6107854630715123 0.0136986301369863 0.007033997655334115
RBS 4 0.6417808219178082 0.6101992966002344 0.012328767123287671 0.008206330597889801
Terminator 2 0.3253424657534247 0.04689331770222743 0.012328767123287671 0.011723329425556858
Terminator 2 0.3253424657534247 0.1025791324736225 0.015068493150684932 0.012895662368112544
Terminator 2 0.5328767123287671 0.04865181711606096 0.0136986301369863 0.010550996483001172
Terminator 2 0.5308219178082192 0.10199296600234467 0.01780821917808219 0.009378663540445486
Terminator 2 0.7383561643835617 0.04630715123094959 0.0136986301369863 0.012895662368112544
Terminator 2 0.736986301369863 0.10199296600234467 0.010958904109589041 0.011723329425556858
Terminator 2 0.5821917808219178 0.6072684642438453 0.01643835616438356 0.011723329425556858
Terminator 2 0.7239726027397261 0.6072684642438453 0.015068493150684932 0.011723329425556858
Terminator 2 0.4945205479452055 0.5468933177022274 0.0136986301369863 0.010550996483001172
Terminator 2 0.6349315068493151 0.5480656506447831 0.01780821917808219 0.010550996483001172
Terminator 2 0.3541095890410959 0.5474794841735052 0.015068493150684932 0.011723329425556858
Terminator 2 0.3178082191780822 0.6072684642438453 0.01643835616438356 0.016412661195779603
