CDS 1 0.1772784019975031 0.21321961620469082 0.08489388264669163 0.03411513859275053
Promoter 0 0.1136079900124844 0.19509594882729211 0.0449438202247191 0.04477611940298507
Promoter 0 0.33146067415730335 0.34754797441364604 0.046192259675405745 0.042643923240938165
CDS 1 0.3888888888888889 0.3646055437100213 0.08364544319600499 0.029850746268656716
CDS 1 0.6816479400749064 0.48720682302771856 0.08489388264669163 0.031982942430703626
CDS 1 0.6186017478152309 0.6993603411513859 0.08364544319600499 0.03411513859275053
CDS 1 0.8433208489388264 0.8901918976545842 0.08614232209737828 0.031982942430703626
Promoter 0 0.6248439450686641 0.47121535181236673 0.046192259675405745 0.046908315565031986
Promoter 0 0.5436953807740325 0.6844349680170576 0.046192259675405745 0.046908315565031986
Promoter 0 0.5911360799001248 0.6886993603411514 0.046192259675405745 0.046908315565031986
Promoter 0 0.7640449438202247 0.8731343283582089 0.04244694132334582 0.06609808102345416
inhibit 8 0.1198501872659176 0.2814498933901919 0.039950062421972535 0.06823027718550106
lead 7 0.2615480649188514 0.3326226012793177 0.02871410736579276 0.046908315565031986
inhibit 8 0.30274656679151063 0.12473347547974413 0.19600499375780275 0.057569296375266525
lead 7 0.48314606741573035 0.662046908315565 0.024968789013732832 0.04477611940298507
inhibit 8 0.44818976279650435 0.6375266524520256 0.039950062421972535 0.05543710021321962
inhibit 8 0.5099875156054932 0.7782515991471215 0.02372034956304619 0.1023454157782516
lead 7 0.5555555555555556 0.7825159914712153 0.024968789013732832 0.09381663113006397
inhibit 8 0.5905118601747815 0.6236673773987207 0.03495630461922597 0.07036247334754797
lead 7 0.7172284644194756 0.8528784648187633 0.016229712858926344 0.05970149253731343
inhibit 8 0.7340823970037453 0.8646055437100213 0.017478152309612985 0.03624733475479744
inhibit 8 0.7802746566791511 0.9626865671641791 0.039950062421972535 0.06609808102345416
