Promoter 0 0.097678916827853 0.3842857142857143 0.05222437137330754 0.037142857142857144
Promoter 0 0.3733075435203095 0.38142857142857145 0.04642166344294004 0.03142857142857143
Promoter 0 0.5947775628626693 0.38142857142857145 0.05609284332688588 0.04857142857142857
Promoter 0 0.8597678916827853 0.38285714285714284 0.05609284332688588 0.03428571428571429
Promoter 0 0.097678916827853 0.8571428571428571 0.05222437137330754 0.04
Promoter 0 0.3733075435203095 0.86 0.05415860735009671 0.04
Promoter 0 0.7456479690522244 0.8585714285714285 0.05222437137330754 0.04285714285714286
CDS 1 0.15860735009671179 0.37285714285714283 0.06963249516441006 0.04857142857142857
CDS 1 0.43423597678916825 0.37142857142857144 0.07156673114119923 0.05142857142857143
CDS 1 0.655705996131528 0.3757142857142857 0.06963249516441006 0.04857142857142857
CDS 1 0.1595744680851064 0.85 0.07156673114119923 0.054285714285714284
CDS 1 0.43617021276595747 0.8514285714285714 0.07156673114119923 0.05142857142857143
CDS 1 0.809477756286267 0.85 0.07156673114119923 0.054285714285714284
inhibit 8 0.09671179883945841 0.7971428571428572 0.03481624758220503 0.08
inhibit 8 0.3056092843326886 0.82 0.1470019342359768 0.03428571428571429
inhibit 8 0.21083172147001933 0.7642857142857142 0.05415860735009671 0.03142857142857143
lead 7 0.35009671179883944 0.32 0.05415860735009671 0.08571428571428572
lead 7 0.851063829787234 0.31857142857142856 0.03868471953578337 0.08857142857142856
lead 7 0.3307543520309478 0.7328571428571429 0.05029013539651837 0.06
lead 7 0.7427466150870407 0.8071428571428572 0.02321083172147002 0.07714285714285714
