CDS 1 0.08708708708708708 0.19125214408233276 0.11411411411411411 0.04974271012006861
Promoter 0 0.18543543543543545 0.19125214408233276 0.06456456456456457 0.04974271012006861
CDS 1 0.31681681681681684 0.1895368782161235 0.11711711711711711 0.04631217838765009
Promoter 0 0.42042042042042044 0.1895368782161235 0.06606606606606606 0.05317324185248713
CDS 1 0.3911411411411411 0.04030874785591767 0.11561561561561562 0.04974271012006861
CDS 1 0.7537537537537538 0.15523156089193826 0.08708708708708708 0.06689536878216124
CDS 1 0.9542042042042042 0.1569468267581475 0.05855855855855856 0.07375643224699828
CDS 1 0.795045045045045 0.3181818181818182 0.18468468468468469 0.06689536878216124
CDS 1 0.16741741741741742 0.3319039451114923 0.13663663663663664 0.05317324185248713
CDS 1 0.39264264264264265 0.33361921097770153 0.11561561561561562 0.05317324185248713
CDS 1 0.3303303303303303 0.5823327615780446 0.14114114114114115 0.06689536878216124
CDS 1 0.774024024024024 0.5849056603773585 0.13663663663663664 0.06518010291595197
CDS 1 0.3333333333333333 0.8379073756432247 0.13813813813813813 0.06689536878216124
CDS 1 0.7680180180180181 0.8387650085763293 0.13663663663663664 0.06174957118353345
Promoter 0 0.2897897897897898 0.03945111492281304 0.06306306306306306 0.051457975986277875
Promoter 0 0.0518018018018018 0.33361921097770153 0.07057057057057058 0.060034305317324184
Promoter 0 0.29204204204204204 0.330188679245283 0.06456456456456457 0.05317324185248713
Promoter 0 0.6636636636636637 0.15780445969125215 0.08108108108108109 0.06518010291595197
Promoter 0 0.8716216216216216 0.1569468267581475 0.08258258258258258 0.0634648370497427
Promoter 0 0.6614114114114115 0.31989708404802747 0.08258258258258258 0.0634648370497427
Promoter 0 0.18468468468468469 0.5831903945111492 0.1111111111111111 0.0686106346483705
Promoter 0 0.6231231231231231 0.5840480274442539 0.1111111111111111 0.06689536878216124
Promoter 0 0.18768768768768768 0.839622641509434 0.11711711711711711 0.07032590051457976
Promoter 0 0.6231231231231231 0.8370497427101201 0.1111111111111111 0.0686106346483705
lead 7 0.2334834834834835 0.08576329331046312 0.12762762762762764 0.0411663807890223
lead 7 0.4376876876876877 0.12521440823327615 0.02252252252252252 0.07204116638078903
lead 7 0.06306306306306306 0.25900514579759865 0.05405405405405406 0.08576329331046312
lead 7 0.19594594594594594 0.24871355060034306 0.02252252252252252 0.048027444253859346
lead 7 0.24024024024024024 0.3893653516295026 0.13513513513513514 0.048027444253859346
lead 7 0.8055555555555556 0.09433962264150944 0.11861861861861862 0.0548885077186964
inhibit 8 0.8070570570570571 0.23927958833619212 0.3138138138138138 0.09777015437392796
inhibit 8 0.38813813813813813 0.6483704974271012 0.47597597597597596 0.0548885077186964
inhibit 8 0.38813813813813813 0.7804459691252144 0.487987987987988 0.0548885077186964
