CDS 1 0.2041457286432161 0.4154727793696275 0.031407035175879394 0.034383954154727794
CDS 1 0.29585427135678394 0.4154727793696275 0.028894472361809045 0.034383954154727794
CDS 1 0.40389447236180903 0.4169054441260745 0.028894472361809045 0.03724928366762178
CDS 1 0.6947236180904522 0.13896848137535817 0.02763819095477387 0.03151862464183381
CDS 1 0.6947236180904522 0.19484240687679083 0.02763819095477387 0.034383954154727794
CDS 1 0.6947236180904522 0.2507163323782235 0.02763819095477387 0.03151862464183381
CDS 1 0.7091708542713567 0.30659025787965616 0.026381909547738693 0.02865329512893983
CDS 1 0.6953517587939698 0.3624641833810888 0.026381909547738693 0.03151862464183381
CDS 1 0.7097989949748744 0.4169054441260745 0.02763819095477387 0.03151862464183381
CDS 1 0.7832914572864321 0.1361031518624642 0.026381909547738693 0.03151862464183381
CDS 1 0.7958542713567839 0.19627507163323782 0.026381909547738693 0.03151862464183381
CDS 1 0.7839195979899497 0.2507163323782235 0.02763819095477387 0.025787965616045846
CDS 1 0.7958542713567839 0.30802292263610315 0.026381909547738693 0.03151862464183381
CDS 1 0.7958542713567839 0.3624641833810888 0.026381909547738693 0.03151862464183381
CDS 1 0.7958542713567839 0.4169054441260745 0.026381909547738693 0.03151862464183381
CDS 1 0.8850502512562815 0.13896848137535817 0.026381909547738693 0.03151862464183381
CDS 1 0.885678391959799 0.1977077363896848 0.02763819095477387 0.02865329512893983
CDS 1 0.885678391959799 0.25358166189111747 0.02763819095477387 0.03151862464183381
CDS 1 0.885678391959799 0.30802292263610315 0.02763819095477387 0.025787965616045846
CDS 1 0.885678391959799 0.3638968481375358 0.02763819095477387 0.02865329512893983
CDS 1 0.885678391959799 0.4183381088825215 0.02763819095477387 0.02865329512893983
CDS 1 0.6721105527638191 0.5744985673352435 0.022613065326633167 0.025787965616045846
CDS 1 0.6721105527638191 0.6346704871060171 0.020100502512562814 0.025787965616045846
CDS 1 0.6721105527638191 0.6905444126074498 0.020100502512562814 0.02865329512893983
CDS 1 0.710427135678392 0.5759312320916905 0.02135678391959799 0.02865329512893983
CDS 1 0.710427135678392 0.6332378223495702 0.02135678391959799 0.022922636103151862
CDS 1 0.7097989949748744 0.6891117478510028 0.020100502512562814 0.025787965616045846
CDS 1 0.7587939698492462 0.5744985673352435 0.020100502512562814 0.02005730659025788
CDS 1 0.7587939698492462 0.6332378223495702 0.020100502512562814 0.022922636103151862
CDS 1 0.7594221105527639 0.6876790830945558 0.02135678391959799 0.022922636103151862
CDS 1 0.821608040201005 0.5759312320916905 0.020100502512562814 0.022922636103151862
CDS 1 0.8222361809045227 0.6332378223495702 0.02135678391959799 0.022922636103151862
CDS 1 0.8222361809045227 0.6891117478510028 0.02135678391959799 0.025787965616045846
CDS 1 0.8599246231155779 0.5759312320916905 0.02135678391959799 0.022922636103151862
CDS 1 0.8605527638190955 0.6332378223495702 0.020100502512562814 0.022922636103151862
CDS 1 0.8605527638190955 0.6876790830945558 0.020100502512562814 0.02865329512893983
CDS 1 0.9095477386934674 0.5759312320916905 0.020100502512562814 0.02865329512893983
CDS 1 0.9095477386934674 0.6332378223495702 0.020100502512562814 0.02865329512893983
CDS 1 0.9095477386934674 0.6876790830945558 0.020100502512562814 0.02865329512893983
CDS 1 0.6721105527638191 0.8209169054441261 0.020100502512562814 0.025787965616045846
CDS 1 0.6721105527638191 0.8810888252148997 0.020100502512562814 0.025787965616045846
CDS 1 0.6714824120603015 0.9355300859598854 0.018844221105527637 0.025787965616045846
CDS 1 0.7097989949748744 0.8209169054441261 0.020100502512562814 0.02005730659025788
CDS 1 0.7097989949748744 0.8796561604584527 0.020100502512562814 0.022922636103151862
CDS 1 0.7110552763819096 0.9340974212034384 0.020100502512562814 0.022922636103151862
CDS 1 0.7587939698492462 0.8209169054441261 0.020100502512562814 0.025787965616045846
CDS 1 0.7594221105527639 0.8782234957020058 0.02135678391959799 0.025787965616045846
CDS 1 0.7587939698492462 0.9340974212034384 0.020100502512562814 0.022922636103151862
CDS 1 0.821608040201005 0.8194842406876791 0.020100502512562814 0.02865329512893983
CDS 1 0.8209798994974874 0.8796561604584527 0.018844221105527637 0.02865329512893983
CDS 1 0.821608040201005 0.9340974212034384 0.020100502512562814 0.02865329512893983
CDS 1 0.8599246231155779 0.8209169054441261 0.018844221105527637 0.02005730659025788
CDS 1 0.8599246231155779 0.8796561604584527 0.02135678391959799 0.022922636103151862
CDS 1 0.8592964824120602 0.9340974212034384 0.020100502512562814 0.022922636103151862
CDS 1 0.9089195979899497 0.8194842406876791 0.02135678391959799 0.022922636103151862
CDS 1 0.9082914572864321 0.8796561604584527 0.020100502512562814 0.022922636103151862
CDS 1 0.9089195979899497 0.9340974212034384 0.02135678391959799 0.022922636103151862
CDS 1 0.21545226130653267 0.7320916905444126 0.028894472361809045 0.03724928366762178
CDS 1 0.27889447236180903 0.7320916905444126 0.02763819095477387 0.03724928366762178
CDS 1 0.3417085427135678 0.7320916905444126 0.02763819095477387 0.03724928366762178
Promoter 0 0.18592964824120603 0.7048710601719198 0.01256281407035176 0.017191977077363897
Promoter 0 0.25 0.7048710601719198 0.01256281407035176 0.017191977077363897
Promoter 0 0.3128140703517588 0.7048710601719198 0.01256281407035176 0.017191977077363897
Promoter 0 0.1551507537688442 0.3968481375358166 0.013819095477386936 0.03724928366762178
Promoter 0 0.25 0.3982808022922636 0.01507537688442211 0.034383954154727794
Promoter 0 0.34108040201005024 0.3968481375358166 0.011306532663316583 0.03724928366762178
Promoter 0 0.3555276381909548 0.3968481375358166 0.01256281407035176 0.03724928366762178
Promoter 0 0.6501256281407035 0.11891117478510028 0.013819095477386936 0.025787965616045846
Promoter 0 0.6501256281407035 0.17765042979942694 0.013819095477386936 0.02865329512893983
Promoter 0 0.6501256281407035 0.2349570200573066 0.011306532663316583 0.02865329512893983
Promoter 0 0.6501256281407035 0.29083094555873923 0.011306532663316583 0.025787965616045846
Promoter 0 0.6501256281407035 0.3467048710601719 0.011306532663316583 0.02865329512893983
Promoter 0 0.6501256281407035 0.40114613180515757 0.011306532663316583 0.02865329512893983
Promoter 0 0.664572864321608 0.28939828080229224 0.01256281407035176 0.02865329512893983
Promoter 0 0.664572864321608 0.40114613180515757 0.01256281407035176 0.02865329512893983
Promoter 0 0.7374371859296482 0.12034383954154727 0.01256281407035176 0.02865329512893983
Promoter 0 0.7368090452261307 0.17908309455587393 0.011306532663316583 0.025787965616045846
Promoter 0 0.7518844221105527 0.17621776504297995 0.011306532663316583 0.025787965616045846
Promoter 0 0.7374371859296482 0.2335243553008596 0.01256281407035176 0.03151862464183381
Promoter 0 0.7525125628140703 0.29083094555873923 0.01256281407035176 0.025787965616045846
Promoter 0 0.7380653266331658 0.3467048710601719 0.011306532663316583 0.02865329512893983
Promoter 0 0.7525125628140703 0.3452722063037249 0.01256281407035176 0.03151862464183381
Promoter 0 0.7512562814070352 0.40114613180515757 0.01256281407035176 0.02865329512893983
Promoter 0 0.8260050251256281 0.11891117478510028 0.011306532663316583 0.03151862464183381
Promoter 0 0.839824120603015 0.11891117478510028 0.011306532663316583 0.03151862464183381
Promoter 0 0.8404522613065326 0.17765042979942694 0.01256281407035176 0.02865329512893983
Promoter 0 0.824748743718593 0.2349570200573066 0.011306532663316583 0.02865329512893983
Promoter 0 0.839824120603015 0.2349570200573066 0.011306532663316583 0.02865329512893983
Promoter 0 0.8404522613065326 0.28939828080229224 0.01256281407035176 0.02865329512893983
Promoter 0 0.839824120603015 0.3452722063037249 0.011306532663316583 0.03151862464183381
Promoter 0 0.839824120603015 0.3982808022922636 0.011306532663316583 0.034383954154727794
Promoter 0 0.6520100502512562 0.5573065902578797 0.010050251256281407 0.014326647564469915
Promoter 0 0.6513819095477387 0.6146131805157593 0.011306532663316583 0.014326647564469915
Promoter 0 0.6513819095477387 0.670487106017192 0.008793969849246231 0.011461318051575931
Promoter 0 0.6513819095477387 0.8022922636103151 0.008793969849246231 0.011461318051575931
Promoter 0 0.6520100502512562 0.8581661891117478 0.010050251256281407 0.014326647564469915
Promoter 0 0.6520100502512562 0.9169054441260746 0.007537688442211055 0.011461318051575931
Promoter 0 0.7399497487437185 0.8022922636103151 0.010050251256281407 0.011461318051575931
Promoter 0 0.7317839195979899 0.839541547277937 0.011306532663316583 0.011461318051575931
Promoter 0 0.7305276381909548 0.8968481375358166 0.011306532663316583 0.011461318051575931
Promoter 0 0.7311557788944724 0.9527220630372493 0.01256281407035176 0.014326647564469915
Promoter 0 0.739321608040201 0.9140401146131805 0.008793969849246231 0.017191977077363897
Promoter 0 0.739321608040201 0.8595988538681948 0.008793969849246231 0.017191977077363897
Promoter 0 0.8008793969849246 0.8022922636103151 0.008793969849246231 0.011461318051575931
Promoter 0 0.8015075376884422 0.8624641833810889 0.007537688442211055 0.011461318051575931
Promoter 0 0.8008793969849246 0.9169054441260746 0.008793969849246231 0.011461318051575931
Promoter 0 0.8888190954773869 0.8022922636103151 0.011306532663316583 0.017191977077363897
Promoter 0 0.8819095477386935 0.839541547277937 0.01256281407035176 0.017191977077363897
Promoter 0 0.8888190954773869 0.8610315186246418 0.013819095477386936 0.014326647564469915
Promoter 0 0.8812814070351759 0.8968481375358166 0.011306532663316583 0.011461318051575931
Promoter 0 0.8881909547738693 0.9154727793696275 0.010050251256281407 0.014326647564469915
Promoter 0 0.8812814070351759 0.9527220630372493 0.013819095477386936 0.014326647564469915
Terminator 2 0.22487437185929648 0.3982808022922636 0.010050251256281407 0.034383954154727794
Terminator 2 0.31721105527638194 0.3997134670487106 0.011306532663316583 0.03151862464183381
Terminator 2 0.42462311557788945 0.3982808022922636 0.010050251256281407 0.02865329512893983
Terminator 2 0.7154522613065326 0.12034383954154727 0.011306532663316583 0.022922636103151862
Terminator 2 0.714824120603015 0.17908309455587393 0.010050251256281407 0.025787965616045846
Terminator 2 0.7160804020100503 0.2349570200573066 0.010050251256281407 0.022922636103151862
Terminator 2 0.7292713567839196 0.29083094555873923 0.011306532663316583 0.025787965616045846
Terminator 2 0.7154522613065326 0.3467048710601719 0.008793969849246231 0.02865329512893983
Terminator 2 0.7298994974874372 0.40257879656160456 0.010050251256281407 0.025787965616045846
Terminator 2 0.803391959798995 0.12177650429799428 0.008793969849246231 0.025787965616045846
Terminator 2 0.8172110552763819 0.17908309455587393 0.008793969849246231 0.025787965616045846
Terminator 2 0.8027638190954773 0.23638968481375358 0.010050251256281407 0.025787965616045846
Terminator 2 0.8165829145728644 0.28796561604584525 0.010050251256281407 0.025787965616045846
Terminator 2 0.8165829145728644 0.34813753581661894 0.010050251256281407 0.025787965616045846
Terminator 2 0.8172110552763819 0.40257879656160456 0.008793969849246231 0.025787965616045846
Terminator 2 0.9057788944723618 0.11891117478510028 0.01256281407035176 0.025787965616045846
Terminator 2 0.9051507537688442 0.17765042979942694 0.011306532663316583 0.022922636103151862
Terminator 2 0.9057788944723618 0.2349570200573066 0.010050251256281407 0.022922636103151862
Terminator 2 0.9051507537688442 0.28939828080229224 0.008793969849246231 0.022922636103151862
Terminator 2 0.9057788944723618 0.3467048710601719 0.010050251256281407 0.022922636103151862
Terminator 2 0.9057788944723618 0.40114613180515757 0.010050251256281407 0.022922636103151862
Terminator 2 0.6865577889447236 0.5630372492836676 0.008793969849246231 0.02005730659025788
Terminator 2 0.6878140703517588 0.6203438395415473 0.008793969849246231 0.02005730659025788
Terminator 2 0.6953517587939698 0.5888252148997135 0.00628140703517588 0.025787965616045846
Terminator 2 0.6959798994974874 0.6461318051575932 0.007537688442211055 0.025787965616045846
Terminator 2 0.6871859296482412 0.6776504297994269 0.007537688442211055 0.02005730659025788
Terminator 2 0.6953517587939698 0.7020057306590258 0.00628140703517588 0.022922636103151862
Terminator 2 0.7744974874371859 0.5616045845272206 0.008793969849246231 0.017191977077363897
Terminator 2 0.7744974874371859 0.6217765042979942 0.008793969849246231 0.017191977077363897
Terminator 2 0.7744974874371859 0.6776504297994269 0.008793969849246231 0.02005730659025788
Terminator 2 0.8360552763819096 0.5630372492836676 0.00628140703517588 0.02005730659025788
Terminator 2 0.8360552763819096 0.6217765042979942 0.00628140703517588 0.017191977077363897
Terminator 2 0.8366834170854272 0.6762177650429799 0.007537688442211055 0.017191977077363897
Terminator 2 0.8454773869346733 0.5873925501432665 0.007537688442211055 0.022922636103151862
Terminator 2 0.8461055276381909 0.6461318051575932 0.008793969849246231 0.02005730659025788
Terminator 2 0.8454773869346733 0.7005730659025788 0.010050251256281407 0.02005730659025788
Terminator 2 0.9246231155778895 0.5630372492836676 0.007537688442211055 0.02005730659025788
Terminator 2 0.9246231155778895 0.6203438395415473 0.007537688442211055 0.02005730659025788
Terminator 2 0.9246231155778895 0.6776504297994269 0.007537688442211055 0.02005730659025788
Terminator 2 0.6871859296482412 0.8094555873925502 0.007537688442211055 0.02005730659025788
Terminator 2 0.6859296482412061 0.8667621776504298 0.007537688442211055 0.02005730659025788
Terminator 2 0.6959798994974874 0.833810888252149 0.007537688442211055 0.022922636103151862
Terminator 2 0.6959798994974874 0.8925501432664756 0.007537688442211055 0.025787965616045846
Terminator 2 0.7744974874371859 0.8094555873925502 0.008793969849246231 0.02005730659025788
Terminator 2 0.7751256281407035 0.8653295128939829 0.010050251256281407 0.022922636103151862
Terminator 2 0.8366834170854272 0.8080229226361032 0.007537688442211055 0.022922636103151862
Terminator 2 0.8448492462311558 0.835243553008596 0.00628140703517588 0.025787965616045846
Terminator 2 0.9239949748743719 0.8094555873925502 0.00628140703517588 0.02005730659025788
Terminator 2 0.9233668341708543 0.8667621776504298 0.007537688442211055 0.02005730659025788
Terminator 2 0.9239949748743719 0.9226361031518625 0.00628140703517588 0.022922636103151862
Terminator 2 0.8366834170854272 0.8667621776504298 0.007537688442211055 0.02005730659025788
Terminator 2 0.8360552763819096 0.9226361031518625 0.008793969849246231 0.022922636103151862
Terminator 2 0.8454773869346733 0.9469914040114613 0.007537688442211055 0.02005730659025788
Terminator 2 0.7744974874371859 0.9212034383954155 0.008793969849246231 0.02005730659025788
Terminator 2 0.6865577889447236 0.9212034383954155 0.008793969849246231 0.02005730659025788
Terminator 2 0.6959798994974874 0.9484240687679083 0.007537688442211055 0.022922636103151862
Terminator 2 0.23680904522613067 0.7148997134670487 0.008793969849246231 0.03151862464183381
Terminator 2 0.30025125628140703 0.7163323782234957 0.010050251256281407 0.034383954154727794
Terminator 2 0.36243718592964824 0.7120343839541547 0.011306532663316583 0.03151862464183381
RBS 4 0.19283919597989949 0.7220630372492837 0.011306532663316583 0.017191977077363897
RBS 4 0.2562814070351759 0.7220630372492837 0.01507537688442211 0.017191977077363897
RBS 4 0.31972361809045224 0.7234957020057307 0.013819095477386936 0.02005730659025788
RBS 4 0.18090452261306533 0.4068767908309456 0.01256281407035176 0.017191977077363897
RBS 4 0.27449748743718594 0.40974212034383956 0.013819095477386936 0.022922636103151862
RBS 4 0.38190954773869346 0.40830945558739257 0.01256281407035176 0.025787965616045846
RBS 4 0.6739949748743719 0.1303724928366762 0.011306532663316583 0.02005730659025788
RBS 4 0.6739949748743719 0.1876790830945559 0.011306532663316583 0.014326647564469915
RBS 4 0.6739949748743719 0.24641833810888253 0.011306532663316583 0.017191977077363897
RBS 4 0.6884422110552764 0.3008595988538682 0.010050251256281407 0.017191977077363897
RBS 4 0.6746231155778895 0.3553008595988539 0.01256281407035176 0.017191977077363897
RBS 4 0.6884422110552764 0.41117478510028654 0.010050251256281407 0.02005730659025788
RBS 4 0.7625628140703518 0.12893982808022922 0.01256281407035176 0.017191977077363897
RBS 4 0.7751256281407035 0.19054441260744986 0.01256281407035176 0.02005730659025788
RBS 4 0.7619346733668342 0.24355300859598855 0.011306532663316583 0.022922636103151862
RBS 4 0.7757537688442211 0.3008595988538682 0.011306532663316583 0.017191977077363897
RBS 4 0.7757537688442211 0.35673352435530087 0.011306532663316583 0.02005730659025788
RBS 4 0.7757537688442211 0.41260744985673353 0.011306532663316583 0.022922636103151862
RBS 4 0.8636934673366834 0.1318051575931232 0.011306532663316583 0.022922636103151862
RBS 4 0.8636934673366834 0.18911174785100288 0.011306532663316583 0.022922636103151862
RBS 4 0.864321608040201 0.24212034383954154 0.010050251256281407 0.02005730659025788
RBS 4 0.8649497487437185 0.3008595988538682 0.011306532663316583 0.017191977077363897
RBS 4 0.8636934673366834 0.35816618911174786 0.011306532663316583 0.022922636103151862
RBS 4 0.864321608040201 0.41117478510028654 0.010050251256281407 0.02005730659025788
RBS 4 0.6564070351758794 0.5687679083094556 0.008793969849246231 0.014326647564469915
RBS 4 0.6564070351758794 0.6303724928366762 0.008793969849246231 0.017191977077363897
RBS 4 0.6557788944723618 0.6848137535816619 0.010050251256281407 0.017191977077363897
RBS 4 0.7255025125628141 0.5787965616045845 0.008793969849246231 0.017191977077363897
RBS 4 0.7430904522613065 0.5730659025787965 0.008793969849246231 0.017191977077363897
RBS 4 0.7261306532663316 0.6375358166189111 0.010050251256281407 0.014326647564469915
RBS 4 0.7430904522613065 0.6318051575931232 0.008793969849246231 0.02005730659025788
RBS 4 0.7255025125628141 0.6934097421203438 0.011306532663316583 0.017191977077363897
RBS 4 0.7430904522613065 0.6848137535816619 0.008793969849246231 0.017191977077363897
RBS 4 0.8059045226130653 0.5702005730659025 0.008793969849246231 0.017191977077363897
RBS 4 0.8065326633165829 0.6289398280802292 0.007537688442211055 0.02005730659025788
RBS 4 0.8065326633165829 0.6833810888252149 0.010050251256281407 0.014326647564469915
RBS 4 0.8762562814070352 0.5787965616045845 0.008793969849246231 0.017191977077363897
RBS 4 0.8932160804020101 0.5716332378223495 0.007537688442211055 0.014326647564469915
RBS 4 0.8932160804020101 0.6303724928366762 0.007537688442211055 0.017191977077363897
RBS 4 0.8762562814070352 0.6375358166189111 0.008793969849246231 0.014326647564469915
RBS 4 0.8938442211055276 0.6848137535816619 0.008793969849246231 0.022922636103151862
RBS 4 0.8762562814070352 0.6919770773638968 0.008793969849246231 0.02005730659025788
RBS 4 0.8059045226130653 0.8180515759312321 0.008793969849246231 0.014326647564469915
RBS 4 0.8059045226130653 0.8739255014326648 0.008793969849246231 0.017191977077363897
RBS 4 0.8052763819095478 0.9297994269340975 0.010050251256281407 0.02005730659025788
RBS 4 0.8762562814070352 0.8237822349570201 0.008793969849246231 0.014326647564469915
RBS 4 0.8932160804020101 0.8194842406876791 0.010050251256281407 0.017191977077363897
RBS 4 0.8768844221105527 0.8825214899713467 0.010050251256281407 0.017191977077363897
RBS 4 0.8925879396984925 0.8782234957020058 0.008793969849246231 0.02005730659025788
RBS 4 0.8925879396984925 0.9297994269340975 0.008793969849246231 0.014326647564469915
RBS 4 0.8756281407035176 0.9355300859598854 0.010050251256281407 0.02005730659025788
RBS 4 0.7261306532663316 0.8252148997134671 0.010050251256281407 0.017191977077363897
RBS 4 0.7430904522613065 0.8166189111747851 0.008793969849246231 0.017191977077363897
RBS 4 0.7430904522613065 0.8739255014326648 0.008793969849246231 0.017191977077363897
RBS 4 0.7261306532663316 0.8839541547277937 0.010050251256281407 0.02005730659025788
RBS 4 0.7430904522613065 0.9312320916905444 0.008793969849246231 0.017191977077363897
RBS 4 0.7267587939698492 0.9369627507163324 0.008793969849246231 0.017191977077363897
RBS 4 0.6564070351758794 0.8180515759312321 0.008793969849246231 0.02005730659025788
RBS 4 0.6557788944723618 0.8753581661891118 0.010050251256281407 0.02005730659025788
RBS 4 0.6564070351758794 0.9312320916905444 0.008793969849246231 0.017191977077363897
inhibit 8 0.3417085427135678 0.3681948424068768 0.007537688442211055 0.02005730659025788
inhibit 8 0.35238693467336685 0.3653295128939828 0.008793969849246231 0.02005730659025788
inhibit 8 0.18216080402010051 0.6790830945558739 0.007537688442211055 0.02865329512893983
inhibit 8 0.24623115577889448 0.6848137535816619 0.007537688442211055 0.017191977077363897
inhibit 8 0.3084170854271357 0.6862464183381088 0.008793969849246231 0.02005730659025788
lead 7 0.18907035175879397 0.6833810888252149 0.00628140703517588 0.014326647564469915
lead 7 0.2518844221105528 0.6819484240687679 0.00628140703517588 0.017191977077363897
lead 7 0.3146984924623116 0.6833810888252149 0.00628140703517588 0.014326647564469915
Promoter 0 0.739321608040201 0.5573065902578797 0.008793969849246231 0.014326647564469915
Promoter 0 0.7311557788944724 0.5945558739255015 0.010050251256281407 0.008595988538681949
Promoter 0 0.739321608040201 0.6146131805157593 0.008793969849246231 0.014326647564469915
Promoter 0 0.7311557788944724 0.6504297994269341 0.010050251256281407 0.011461318051575931
Promoter 0 0.7386934673366834 0.670487106017192 0.010050251256281407 0.011461318051575931
Promoter 0 0.7311557788944724 0.7077363896848138 0.010050251256281407 0.017191977077363897
Promoter 0 0.8894472361809045 0.5573065902578797 0.010050251256281407 0.014326647564469915
Promoter 0 0.8806532663316583 0.5931232091690545 0.010050251256281407 0.017191977077363897
Promoter 0 0.8888190954773869 0.6160458452722063 0.008793969849246231 0.011461318051575931
Promoter 0 0.8812814070351759 0.6518624641833811 0.011306532663316583 0.014326647564469915
Promoter 0 0.8888190954773869 0.670487106017192 0.008793969849246231 0.011461318051575931
Promoter 0 0.8806532663316583 0.7063037249283668 0.010050251256281407 0.014326647564469915
Terminator 2 0.8448492462311558 0.8911174785100286 0.008793969849246231 0.022922636103151862
