Promoter 0 0.2946666666666667 0.17297979797979798 0.04 0.05303030303030303
Promoter 0 0.296 0.4810606060606061 0.04 0.05808080808080808
Promoter 0 0.29533333333333334 0.7297979797979798 0.03866666666666667 0.06060606060606061
CDS 1 0.7606666666666667 0.14772727272727273 0.084 0.05808080808080808
CDS 1 0.762 0.375 0.084 0.06818181818181818
CDS 1 0.762 0.5883838383838383 0.09733333333333333 0.06565656565656566
CDS 1 0.7673333333333333 0.73989898989899 0.12133333333333333 0.06060606060606061
lead 7 0.2653333333333333 0.16666666666666666 0.021333333333333333 0.0707070707070707
lead 7 0.266 0.476010101010101 0.02 0.06313131313131314
lead 7 0.266 0.7247474747474747 0.02266666666666667 0.06565656565656566
