Promoter 0 0.1071932299012694 0.33904761904761904 0.014104372355430184 0.015238095238095238
Promoter 0 0.1763046544428773 0.3380952380952381 0.01692524682651622 0.013333333333333334
Promoter 0 0.25105782792665726 0.34 0.01692524682651622 0.013333333333333334
Promoter 0 0.31805359661495064 0.33904761904761904 0.015514809590973202 0.011428571428571429
Promoter 0 0.5317348377997179 0.34 0.011283497884344146 0.013333333333333334
Promoter 0 0.13328631875881522 0.7971428571428572 0.012693935119887164 0.013333333333333334
Promoter 0 0.24964739069111425 0.7971428571428572 0.011283497884344146 0.013333333333333334
Promoter 0 0.3159379407616361 0.7971428571428572 0.014104372355430184 0.013333333333333334
Promoter 0 0.53737658674189 0.7980952380952381 0.014104372355430184 0.015238095238095238
RBS 4 0.1227080394922426 0.34476190476190477 0.00846262341325811 0.007619047619047619
RBS 4 0.19605077574047955 0.3438095238095238 0.00846262341325811 0.005714285714285714
RBS 4 0.383638928067701 0.34285714285714286 0.00846262341325811 0.007619047619047619
RBS 4 0.5423131170662906 0.3438095238095238 0.009873060648801129 0.0019047619047619048
RBS 4 0.15162200282087446 0.8019047619047619 0.007052186177715092 0.0038095238095238095
RBS 4 0.3913963328631876 0.8028571428571428 0.007052186177715092 0.009523809523809525
RBS 4 0.5486600846262342 0.8019047619047619 0.00846262341325811 0.007619047619047619
CDS 1 0.14245416078984485 0.3476190476190476 0.031029619181946404 0.02857142857142857
CDS 1 0.21297602256699577 0.3485714285714286 0.028208744710860368 0.030476190476190476
CDS 1 0.2820874471086037 0.3476190476190476 0.039492242595204514 0.02857142857142857
CDS 1 0.3533145275035261 0.3476190476190476 0.0380818053596615 0.024761904761904763
CDS 1 0.41114245416078987 0.3485714285714286 0.04372355430183357 0.030476190476190476
CDS 1 0.5698166431593794 0.3457142857142857 0.04231311706629055 0.024761904761904763
CDS 1 0.17418899858956277 0.8085714285714286 0.03526093088857546 0.02857142857142857
CDS 1 0.28067700987306066 0.8066666666666666 0.036671368124118475 0.02857142857142857
CDS 1 0.3631875881523272 0.8057142857142857 0.03526093088857546 0.02666666666666667
CDS 1 0.41819464033850495 0.8114285714285714 0.04372355430183357 0.03428571428571429
CDS 1 0.573342736248237 0.8057142857142857 0.03526093088857546 0.022857142857142857
Terminator 2 0.16290550070521861 0.3419047619047619 0.009873060648801129 0.013333333333333334
Terminator 2 0.2306064880112835 0.34285714285714286 0.007052186177715092 0.011428571428571429
Terminator 2 0.44569816643159377 0.3419047619047619 0.00846262341325811 0.013333333333333334
Terminator 2 0.19605077574047955 0.8 0.00846262341325811 0.011428571428571429
Terminator 2 0.3039492242595205 0.800952380952381 0.004231311706629055 0.013333333333333334
Terminator 2 0.4520451339915374 0.8 0.009873060648801129 0.015238095238095238
Terminator 2 0.11847672778561354 0.8 0.011283497884344146 0.015238095238095238
inhibit 8 0.4421720733427362 0.32 0.18758815232722145 0.01904761904761905
inhibit 8 0.4506346967559944 0.78 0.18194640338504936 0.013333333333333334
lead 7 0.28843441466854725 0.32 0.06064880112834979 0.015238095238095238
inhibit 8 0.32863187588152326 0.7838095238095238 0.00846262341325811 0.024761904761904763
