Promoter 0 0.0759493670886076 0.1834975369458128 0.044790652385589096 0.059113300492610835
Promoter 0 0.3111002921129503 0.18596059113300492 0.03602726387536514 0.05665024630541872
Promoter 0 0.08033106134371958 0.3103448275862069 0.04186952288218111 0.054187192118226604
Promoter 0 0.08227848101265822 0.7241379310344828 0.0379746835443038 0.059113300492610835
Promoter 0 0.08179162609542356 0.8565270935960592 0.03894839337877313 0.05541871921182266
Promoter 0 0.31061343719571566 0.8559113300492611 0.04089581304771178 0.059113300492610835
CDS 1 0.10710808179162609 0.2105911330049261 0.062317429406037 0.06157635467980296
CDS 1 0.17137293086660174 0.21120689655172414 0.06037000973709834 0.07019704433497537
CDS 1 0.2332035053554041 0.21182266009852216 0.05939629990262902 0.07142857142857142
CDS 1 0.34371957156767285 0.21120689655172414 0.07205452775073028 0.06280788177339902
CDS 1 0.10954235637779941 0.33374384236453203 0.0730282375851996 0.06896551724137931
CDS 1 0.11295034079844206 0.7469211822660099 0.07400194741966894 0.06527093596059114
CDS 1 0.10467380720545277 0.8811576354679803 0.06329113924050633 0.06773399014778325
CDS 1 0.17137293086660174 0.8799261083743842 0.062317429406037 0.07019704433497537
CDS 1 0.2302823758519961 0.8830049261083743 0.06523855890944498 0.07389162561576355
CDS 1 0.3442064264849075 0.8830049261083743 0.0730282375851996 0.06403940886699508
Terminator 2 0.27312560856864654 0.19458128078817735 0.03602726387536514 0.04187192118226601
Terminator 2 0.3885102239532619 0.1958128078817734 0.033106134371957155 0.03940886699507389
Terminator 2 0.1596884128529698 0.31650246305418717 0.033106134371957155 0.04433497536945813
Terminator 2 0.16163583252190847 0.7321428571428571 0.033106134371957155 0.050492610837438424
Terminator 2 0.2726387536514119 0.8645320197044335 0.0311587147030185 0.03694581280788178
Terminator 2 0.3875365141187926 0.8669950738916257 0.033106134371957155 0.046798029556650245
